24313
10449
31147
19750
19724
14597
2509711
20579
30868
22512
23811
9095
20785
32064
2863822
12759
25571
21895
23093
11405
3276
15595
30180
31530
30264
21024
20005
1549
2266111
13715
12793
3909
12632
18664
1786633
3492
7947
679
22606
15892
24576
10802
32430
24366
32322
409144
15336
19209
603
5619
14194
25424
32536
7238
18208
920
2701
979766
20551
28144
18521
19363
17443
26041
26923
1891777
15222
27832
17285
18964
30066
22121
27072
11957
15833
9622888
24913
32251
32355
26665
24394
15418
3260899
1343
11812
19103
7070
12669
8379
771111
27533
32167
13978
25261
11169
13166
21881
24240
25080
29834
